mean_dE: +1.95041834e+07
mean_dt: +9.06550099e-10
sigma_dE: +1.11486955e+07
sigma_dt: +2.88660700e-11
epsn_rms_l: +1.01102429e-03
n_macroparticles_lost: +0.00000000e+00
Done!
