cut_left: +8.521001e-10
cut_right: +9.610001e-10
bin_centers: +8.57545099e-10
bin_centers: +8.68435099e-10
bin_centers: +8.79325099e-10
bin_centers: +8.90215099e-10
bin_centers: +9.01105099e-10
bin_centers: +9.11995099e-10
bin_centers: +9.22885099e-10
bin_centers: +9.33775099e-10
bin_centers: +9.44665099e-10
bin_centers: +9.55555099e-10

Done!
